! Mon, 15 May 2023 13:47:02 +0000
! pybdsim.Builder Lattice, using pybdsim version 3.0.0 
! BEAM DEFINITION

beam,	X0=0*m,
	Xp0=0,
	Y0=0*m,
	Yp0=0,
	alfx=0.523492,
	alfy=-5.374594,
	betx=1.219804*m,
	bety=28.061506*m,
	dispx=0.144685*m,
	dispxp=-0.039822,
	dispy=-0.004589*m,
	dispyp=-0.002385,
	distrType="gausstwiss",
	emitx=3.58e-11*m,
	emity=3.58e-11*m,
	energy=14*GeV,
	particle="e-",
	sigmaE=1.377e-05*m,
	sigmaX=1e-05*m,
	sigmaXp=1e-05*m,
	sigmaY=1e-05*m,
	sigmaYp=1e-05*m,
	sigmaT=1e-13*m;